***** ***** 0.707 -.707
***** ***** 0.759 -.651
***** ***** 0.814 -.581
***** ***** 0.868 -.496
***** ***** 0.919 -.394
***** ***** 0.962 -.275
***** ***** 0.990 -.141
***** 0.000 1.000 0.000
***** 1.250 0.990 0.141
***** 2.500 0.962 0.275
***** 3.750 0.919 0.394
***** 5.000 0.868 0.496
***** 6.250 0.814 0.581
***** 7.500 0.759 0.651
***** 8.750 0.707 0.707
***** ***** 0.659 0.753
***** ***** 0.651 -.759
***** ***** 0.707 -.707
***** ***** 0.768 -.640
***** ***** 0.832 -.555
***** ***** 0.894 -.447
***** ***** 0.949 -.316
***** ***** 0.986 -.164
***** 0.000 1.000 0.000
***** 1.250 0.986 0.164
***** 2.500 0.949 0.316
***** 3.750 0.894 0.447
***** 5.000 0.832 0.555
***** 6.250 0.768 0.640
***** 7.500 0.707 0.707
***** 8.750 0.651 0.759
***** ***** 0.600 0.800
***** ***** 0.581 -.814
***** ***** 0.640 -.768
***** ***** 0.707 -.707
***** ***** 0.781 -.625
***** ***** 0.857 -.514
***** ***** 0.928 -.371
***** ***** 0.981 -.196
***** 0.000 1.000 0.000
***** 1.250 0.981 0.196
***** 2.500 0.928 0.371
***** 3.750 0.857 0.514
***** 5.000 0.781 0.625
***** 6.250 0.707 0.707
***** 7.500 0.640 0.768
***** 8.750 0.581 0.814
***** ***** 0.530 0.848
***** ***** 0.496 -.868
***** ***** 0.555 -.832
***** ***** 0.625 -.781
***** ***** 0.707 -.707
***** ***** 0.800 -.600
***** ***** 0.894 -.447
***** ***** 0.970 -.243
***** 0.000 1.000 0.000
***** 1.250 0.970 0.243
***** 2.500 0.894 0.447
***** 3.750 0.800 0.600
***** 5.000 0.707 0.707
***** 6.250 0.625 0.781
***** 7.500 0.555 0.832
***** 8.750 0.496 0.868
***** ***** 0.447 0.894
***** ***** 0.394 -.919
***** ***** 0.447 -.894
***** ***** 0.514 -.857
***** ***** 0.600 -.800
***** ***** 0.707 -.707
***** ***** 0.832 -.555
***** ***** 0.949 -.316
***** 0.000 1.000 0.000
***** 1.250 0.949 0.316
***** 2.500 0.832 0.555
***** 3.750 0.707 0.707
***** 5.000 0.600 0.800
***** 6.250 0.514 0.857
***** 7.500 0.447 0.894
***** 8.750 0.394 0.919
***** ***** 0.351 0.936
***** ***** 0.275 -.962
***** ***** 0.316 -.949
***** ***** 0.371 -.928
***** ***** 0.447 -.894
***** ***** 0.555 -.832
***** ***** 0.707 -.707
***** ***** 0.894 -.447
***** 0.000 1.000 0.000
***** 1.250 0.894 0.447
***** 2.500 0.707 0.707
***** 3.750 0.555 0.832
***** 5.000 0.447 0.894
***** 6.250 0.371 0.928
***** 7.500 0.316 0.949
***** 8.750 0.275 0.962
***** ***** 0.243 0.970
***** ***** 0.141 -.990
***** ***** 0.164 -.986
***** ***** 0.196 -.981
***** ***** 0.243 -.970
***** ***** 0.316 -.949
***** ***** 0.447 -.894
***** ***** 0.707 -.707
***** 0.000 1.000 0.000
***** 1.250 0.707 0.707
***** 2.500 0.447 0.894
***** 3.750 0.316 0.949
***** 5.000 0.243 0.970
***** 6.250 0.196 0.981
***** 7.500 0.164 0.986
***** 8.750 0.141 0.990
***** ***** 0.124 0.992
0.000 ***** 0.000 1.000
0.000 ***** 0.000 1.000
0.000 ***** 0.000 1.000
0.000 ***** 0.000 1.000
0.000 ***** 0.000 1.000
0.000 ***** 0.000 1.000
0.000 ***** 0.000 1.000
0.000 0.000   NaN   NaN
0.000 1.250 0.000 *****
0.000 2.500 0.000 *****
0.000 3.750 0.000 *****
0.000 5.000 0.000 *****
0.000 6.250 0.000 *****
0.000 7.500 0.000 *****
0.000 8.750 0.000 *****
0.000 ***** 0.000 *****
1.250 ***** 0.141 0.990
1.250 ***** 0.164 0.986
1.250 ***** 0.196 0.981
1.250 ***** 0.243 0.970
1.250 ***** 0.316 0.949
1.250 ***** 0.447 0.894
1.250 ***** 0.707 0.707
1.250 0.000 1.000 -.000
1.250 1.250 0.707 -.707
1.250 2.500 0.447 -.894
1.250 3.750 0.316 -.949
1.250 5.000 0.243 -.970
1.250 6.250 0.196 -.981
1.250 7.500 0.164 -.986
1.250 8.750 0.141 -.990
1.250 ***** 0.124 -.992
2.500 ***** 0.275 0.962
2.500 ***** 0.316 0.949
2.500 ***** 0.371 0.928
2.500 ***** 0.447 0.894
2.500 ***** 0.555 0.832
2.500 ***** 0.707 0.707
2.500 ***** 0.894 0.447
2.500 0.000 1.000 -.000
2.500 1.250 0.894 -.447
2.500 2.500 0.707 -.707
2.500 3.750 0.555 -.832
2.500 5.000 0.447 -.894
2.500 6.250 0.371 -.928
2.500 7.500 0.316 -.949
2.500 8.750 0.275 -.962
2.500 ***** 0.243 -.970
3.750 ***** 0.394 0.919
3.750 ***** 0.447 0.894
3.750 ***** 0.514 0.857
3.750 ***** 0.600 0.800
3.750 ***** 0.707 0.707
3.750 ***** 0.832 0.555
3.750 ***** 0.949 0.316
3.750 0.000 1.000 -.000
3.750 1.250 0.949 -.316
3.750 2.500 0.832 -.555
3.750 3.750 0.707 -.707
3.750 5.000 0.600 -.800
3.750 6.250 0.514 -.857
3.750 7.500 0.447 -.894
3.750 8.750 0.394 -.919
3.750 ***** 0.351 -.936
5.000 ***** 0.496 0.868
5.000 ***** 0.555 0.832
5.000 ***** 0.625 0.781
5.000 ***** 0.707 0.707
5.000 ***** 0.800 0.600
5.000 ***** 0.894 0.447
5.000 ***** 0.970 0.243
5.000 0.000 1.000 -.000
5.000 1.250 0.970 -.243
5.000 2.500 0.894 -.447
5.000 3.750 0.800 -.600
5.000 5.000 0.707 -.707
5.000 6.250 0.625 -.781
5.000 7.500 0.555 -.832
5.000 8.750 0.496 -.868
5.000 ***** 0.447 -.894
6.250 ***** 0.581 0.814
6.250 ***** 0.640 0.768
6.250 ***** 0.707 0.707
6.250 ***** 0.781 0.625
6.250 ***** 0.857 0.514
6.250 ***** 0.928 0.371
6.250 ***** 0.981 0.196
6.250 0.000 1.000 -.000
6.250 1.250 0.981 -.196
6.250 2.500 0.928 -.371
6.250 3.750 0.857 -.514
6.250 5.000 0.781 -.625
6.250 6.250 0.707 -.707
6.250 7.500 0.640 -.768
6.250 8.750 0.581 -.814
6.250 ***** 0.530 -.848
7.500 ***** 0.651 0.759
7.500 ***** 0.707 0.707
7.500 ***** 0.768 0.640
7.500 ***** 0.832 0.555
7.500 ***** 0.894 0.447
7.500 ***** 0.949 0.316
7.500 ***** 0.986 0.164
7.500 0.000 1.000 -.000
7.500 1.250 0.986 -.164
7.500 2.500 0.949 -.316
7.500 3.750 0.894 -.447
7.500 5.000 0.832 -.555
7.500 6.250 0.768 -.640
7.500 7.500 0.707 -.707
7.500 8.750 0.651 -.759
7.500 ***** 0.600 -.800
8.750 ***** 0.707 0.707
8.750 ***** 0.759 0.651
8.750 ***** 0.814 0.581
8.750 ***** 0.868 0.496
8.750 ***** 0.919 0.394
8.750 ***** 0.962 0.275
8.750 ***** 0.990 0.141
8.750 0.000 1.000 -.000
8.750 1.250 0.990 -.141
8.750 2.500 0.962 -.275
8.750 3.750 0.919 -.394
8.750 5.000 0.868 -.496
8.750 6.250 0.814 -.581
8.750 7.500 0.759 -.651
8.750 8.750 0.707 -.707
8.750 ***** 0.659 -.753
***** ***** 0.753 0.659
***** ***** 0.800 0.600
***** ***** 0.848 0.530
***** ***** 0.894 0.447
***** ***** 0.936 0.351
***** ***** 0.970 0.243
***** ***** 0.992 0.124
***** 0.000 1.000 -.000
***** 1.250 0.992 -.124
***** 2.500 0.970 -.243
***** 3.750 0.936 -.351
***** 5.000 0.894 -.447
***** 6.250 0.848 -.530
***** 7.500 0.800 -.600
***** 8.750 0.753 -.659
***** ***** 0.707 -.707
